Subject,Words_t1,ans_t1,key_resp_t1_corr,key_resp_t1_rt
98,俺,e,1,0.5049
98,无私,e,1,0.5507
98,他们,i,1,0.5114
98,活泼,e,1,0.5574
98,俺,e,1,0.4325
98,卑鄙,i,1,0.5398
98,我们,e,1,0.554
98,冒失,i,1,0.9843
98,聪明,e,1,0.7152
98,他,i,0,0.4188
98,他的,i,1,0.5506
98,他,i,1,0.4034
98,愚蠢,i,1,0.5755
98,我的,e,1,0.4495
98,他的,i,1,0.5216
98,诚实,e,1,0.5536
98,他,i,1,0.5442
98,我们,e,1,0.4727
98,细腻,e,1,0.6106
98,自己,e,1,0.4197
98,固执,i,1,0.5504
98,乐观,e,1,0.6006
98,我的,e,1,0.4471
98,凶狠,i,1,0.5633
98,我,e,1,0.5634
98,悲观,i,1,0.6302
98,他们,i,1,0.4987
98,诚恳,e,1,0.8537
98,刻薄,i,1,0.6288
98,他人,i,1,1.2263
98,他人,i,1,0.818
98,杰出,e,1,0.5822
98,认真,e,1,0.5169
98,冷静,e,0,0.5392
98,消极,i,1,0.6158
98,其他,i,1,0.494
98,自私,i,1,0.5241
98,我,e,1,0.6185
98,我的,e,1,0.4974
98,轻率,i,1,0.6821
98,暴躁,i,1,0.6567
98,其他,i,1,0.5642
98,我,e,1,0.4603
98,他们,i,1,0.8369
98,我,e,1,0.4389
98,他的,i,1,0.6163
98,自己,e,1,0.534
98,下贱,i,1,0.5493
98,傲慢,i,1,0.5611
98,鲁莽,i,1,0.5958
98,散漫,i,1,0.7166
98,热情,e,1,0.5219
98,他的,i,1,0.734
98,公正,e,1,0.5315
98,他人,i,1,0.5351
98,其他,i,1,0.5197
98,我们,e,1,0.6068
98,朴实,e,1,0.6011
98,崇高,e,1,0.5045
98,自己,e,1,0.4057
98,勇敢,e,1,0.4974
98,我的,e,1,0.4321
98,其他,i,0,0.4384
98,猖狂,i,1,0.7934
98,虚伪,i,1,0.74
98,自卑,i,1,0.7278
98,自己,e,1,0.4878
98,优秀,e,1,0.5342
98,机智,e,1,0.4837
98,他,i,1,0.5284
98,稳重,e,0,0.5662
98,我们,e,1,0.5909
98,俺,e,1,0.6638
98,执拗,i,1,0.6661
98,俺,e,1,0.5354
98,正直,e,1,0.6348
98,他们,i,1,0.9397
98,勤奋,e,1,0.5619
98,他人,i,1,0.6387
98,野蛮,i,1,0.5403
98,轻率,i,1,0.6207
98,细腻,e,1,0.582
98,乐观,e,1,0.5931
98,俺,e,1,0.6014
98,崇高,e,1,0.5539
98,他,i,1,0.5786
98,我们,e,1,0.5239
98,我,e,1,0.4053
98,自己,e,1,0.4093
98,我的,e,1,0.4066
98,其他,i,1,0.5276
98,他,i,1,0.6744
98,公正,e,1,0.5518
98,勤奋,e,1,0.5279
98,我们,e,1,0.4675
98,他,i,1,0.4734
98,鲁莽,i,1,0.5307
98,诚实,e,1,0.5772
98,热情,e,1,0.5378
98,机智,e,1,0.4693
98,冷静,e,1,0.4395
98,他的,i,1,0.5912
98,俺,e,1,0.532
98,暴躁,i,1,0.5503
98,固执,i,1,0.5255
98,我的,e,1,0.4758
98,他的,i,1,0.4906
98,他的,i,1,0.367
98,他人,i,1,0.3679
98,他的,i,1,0.4194
98,我,e,1,0.5345
98,他人,i,1,0.4992
98,优秀,e,1,0.553
98,俺,e,0,0.5118
98,我,e,1,0.4575
98,自私,i,1,1.0474
98,散漫,i,1,0.4643
98,朴实,e,1,0.5233
98,冒失,i,1,0.5296
98,他们,i,1,0.5238
98,我,e,1,0.4586
98,他人,i,1,0.4984
98,其他,i,1,0.5098
98,我的,e,1,0.6009
98,我的,e,1,0.5992
98,刻薄,i,1,0.8519
98,他,i,1,0.5366
98,他们,i,1,0.5186
98,卑鄙,i,1,0.4741
98,执拗,i,1,0.531
98,下贱,i,1,0.5073
98,活泼,e,1,0.6309
98,他们,i,1,0.5799
98,自己,e,1,0.5882
98,杰出,e,1,0.5317
98,俺,e,1,0.5098
98,他们,i,1,0.8427
98,野蛮,i,1,0.5148
98,勇敢,e,1,0.5506
98,悲观,i,0,0.5374
98,自己,e,1,0.5511
98,自卑,i,1,0.5698
98,认真,e,1,0.5868
98,无私,e,1,0.9525
98,我们,e,1,0.5132
98,其他,i,1,0.5382
98,其他,i,1,0.402
98,愚蠢,i,1,0.5633
98,聪明,e,1,0.5349
98,正直,e,1,0.4788
98,我们,e,1,0.6686
98,虚伪,i,1,0.5835
98,猖狂,i,1,0.5869
98,凶狠,i,1,0.958
98,自己,e,1,0.8067
98,稳重,e,1,0.5314
98,他人,i,1,0.5557
98,傲慢,i,1,0.6053
98,消极,i,1,0.922
98,诚恳,e,1,0.7306
98,细腻,e,1,0.5885
98,他的,i,1,0.5245
98,其他,i,1,0.514
98,乐观,e,1,0.5924
98,我,e,1,0.5013
98,机智,e,1,0.54
98,我的,e,1,0.4725
98,自私,i,1,0.5829
98,我们,e,1,0.4381
98,我的,e,1,0.4154
98,他,i,1,0.5662
98,傲慢,i,1,0.5003
98,我的,e,1,0.5316
98,公正,e,1,0.7014
98,他们,i,1,0.5014
98,虚伪,i,1,0.6168
98,俺,e,1,0.6649
98,自己,e,0,0.7319
98,消极,i,1,0.5249
98,自己,e,1,0.5088
98,他,i,1,0.5403
98,认真,e,1,0.4552
98,轻率,i,1,0.5489
98,卑鄙,i,1,0.5082
98,我,e,1,0.5319
98,自己,e,1,0.4234
98,他,i,1,0.4559
98,朴实,e,1,0.6195
98,其他,i,1,0.5622
98,执拗,i,1,0.5613
98,下贱,i,1,0.5261
98,稳重,e,1,0.5286
98,自己,e,1,0.4005
98,勤奋,e,1,0.5807
98,我的,e,1,0.714
98,杰出,e,1,0.4797
98,勇敢,e,1,0.5348
98,冷静,e,1,0.5191
98,固执,i,1,0.5485
98,我们,e,1,0.5181
98,散漫,i,1,0.627
98,他人,i,1,0.6678
98,我们,e,1,0.6983
98,他们,i,1,0.6924
98,其他,i,1,0.6026
98,他的,i,1,0.7379
98,我们,e,1,0.7658
98,俺,e,1,0.57
98,他人,i,1,0.5886
98,俺,e,1,1.2056
98,优秀,e,1,0.5329
98,凶狠,i,1,0.592
98,他们,i,1,0.5558
98,自卑,i,1,0.576
98,其他,i,1,0.5242
98,悲观,i,0,0.5503
98,刻薄,i,1,0.5304
98,鲁莽,i,1,0.5503
98,暴躁,i,1,0.5245
98,他,i,1,0.783
98,正直,e,1,0.6013
98,我,e,1,0.5671
98,冒失,i,1,0.6065
98,他的,i,1,0.49370000000000003
98,愚蠢,i,1,0.5365
98,他人,i,1,0.5059
98,猖狂,i,1,0.5566
98,他人,i,1,0.4519
98,我,e,1,0.8271
98,诚恳,e,1,0.4969
98,无私,e,1,0.9682
98,崇高,e,1,0.5357
98,野蛮,i,1,0.5904
98,聪明,e,1,0.5544
98,活泼,e,1,0.7051
98,他们,i,1,0.5693
98,诚实,e,1,0.7193
98,他的,i,1,0.5347
98,俺,e,1,0.547
98,热情,e,1,0.6161
98,悲观,i,1,0.7286
98,朴实,e,1,0.5052
98,虚伪,i,1,0.6011
98,冷静,e,1,0.5502
98,我的,i,1,0.6183
98,其他,e,1,0.6555
98,无私,e,1,0.7169
98,杰出,e,1,0.5175
98,其他,e,1,0.5862
98,他人,e,1,0.5174
98,乐观,e,1,0.6211
98,他们,e,1,0.4424
98,俺,i,1,0.6341
98,他的,e,0,0.5286
98,他的,e,1,0.3969
98,卑鄙,i,1,0.6279
98,他人,e,1,0.5581
98,我们,i,1,0.616
98,他们,e,1,0.6043
98,俺,i,1,0.535
98,冒失,i,1,0.555
98,俺,i,1,0.5827
98,自私,i,1,0.9004
98,执拗,i,1,0.5358
98,稳重,e,1,0.5669
98,他,e,1,0.6835
98,细腻,e,1,1.0839
98,猖狂,i,1,0.6336
98,傲慢,i,1,0.5418
98,其他,e,1,0.518
98,我,i,1,0.6173
98,认真,e,1,0.6169
98,他,e,1,1.1077
98,热情,e,1,0.7558
98,凶狠,i,1,0.5837
98,轻率,i,1,0.6569
98,消极,i,1,0.6044
98,勇敢,e,1,0.6021
98,鲁莽,i,1,0.6564
98,诚恳,e,1,0.5846
98,活泼,e,1,0.5405
98,我的,i,0,0.4895
98,他人,e,1,0.5511
98,我的,i,1,0.6494
98,自卑,i,1,0.8508
98,其他,e,1,0.5362
98,自己,i,1,0.5628
98,公正,e,1,0.8748
98,散漫,i,1,0.5458
98,我,i,0,0.8022
98,野蛮,i,1,1.1338
98,暴躁,i,1,0.5545
98,我的,i,1,0.5388
98,他人,e,1,0.5697
98,优秀,e,1,0.6176
98,我,i,1,0.5619
98,我们,i,1,0.4672
98,正直,e,1,0.9055
98,崇高,e,1,1.116
98,我,i,1,0.9527
98,俺,i,1,0.6069
98,自己,i,1,0.5193
98,刻薄,i,1,0.8118
98,固执,i,1,0.7889
98,他们,e,1,0.9133
98,自己,i,1,0.7265
98,我们,i,1,0.5411
98,自己,i,1,0.567
98,他的,e,1,1.3911
98,他的,e,1,0.4227
98,下贱,i,1,0.6001
98,他,e,1,0.7009
98,聪明,e,1,0.5701
98,他们,e,1,1.1447
98,勤奋,e,1,0.5734
98,愚蠢,i,1,0.7208
98,我们,i,0,0.5868
98,机智,e,1,0.9
98,诚实,e,1,0.5769
98,他,e,1,0.656
98,卑鄙,i,1,0.6182
98,我,i,1,1.0854
98,俺,i,1,0.6518
98,消极,i,0,0.7855
98,朴实,e,1,0.7842
98,其他,e,1,0.6119
98,崇高,e,1,0.568
98,虚伪,i,1,0.6369
98,公正,e,1,0.6697
98,他人,e,1,0.5558
98,他的,e,1,0.8675
98,勇敢,e,1,0.5877
98,固执,i,1,0.718
98,野蛮,i,1,0.6237
98,自私,i,1,1.0463
98,自卑,i,1,0.5513
98,优秀,e,1,0.5374
98,凶狠,i,1,0.5384
98,俺,i,1,0.6064
98,自己,i,1,0.5167
98,我,i,1,0.5161
98,鲁莽,i,1,0.5608
98,我,i,1,0.6495
98,诚恳,e,1,1.2669
98,他们,e,1,0.5013
98,他人,e,1,0.8069
98,他,e,1,0.6955
98,傲慢,i,1,0.6028
98,活泼,e,1,0.6671
98,勤奋,e,1,0.4766
98,执拗,i,1,0.6571
98,自己,i,1,0.9699
98,俺,i,1,0.5503
98,我的,i,1,0.4911
98,乐观,e,0,0.7077
98,愚蠢,i,1,0.5686
98,轻率,i,1,0.5786
98,自己,i,1,0.6664
98,我的,i,1,0.5041
98,暴躁,i,1,0.5633
98,悲观,i,1,0.6408
98,冷静,e,0,0.6224
98,细腻,e,1,0.55
98,我的,i,1,0.5681
98,我们,i,1,0.6166
98,他的,e,1,0.5606
98,他们,e,1,0.4103
98,其他,e,1,0.4723
98,他,e,1,0.5568
98,机智,e,1,1.0024
98,自己,i,1,0.792
98,他人,e,1,0.6373
98,他们,e,1,1.3341
98,我们,i,1,0.5835
98,俺,i,1,0.5836
98,他的,e,1,0.568
98,热情,e,1,0.7496
98,他,e,1,1.1582
98,其他,e,1,1.3454
98,他的,e,1,1.0509
98,我们,i,1,0.5912
98,猖狂,i,1,0.6005
98,刻薄,i,1,0.5873
98,诚实,e,0,0.5123
98,他人,e,1,0.6594
98,稳重,e,1,0.5682
98,他们,e,1,0.5409
98,杰出,e,1,0.9338
98,他,e,1,0.9409
98,我的,i,1,0.6503
98,聪明,e,1,0.5105
98,下贱,i,1,0.5919
98,我,i,0,0.6893
98,无私,e,1,0.9708
98,散漫,i,1,0.6188
98,正直,e,1,1.0227
98,我们,i,1,1.1012
98,冒失,i,1,0.6242
98,其他,e,1,0.5937
98,认真,e,0,0.9013
